1000 499500
1000 499500
1000 499500
1000 499500
1000 499500
1000 499500
1000 499500
1000 499500
1000 499500
1000 499500
1000 499500
1000 499500
1000 499500
1000 499500
1000 499500
1100 604450
1100 604450
1100 604450
1100 604450
1100 604450
1100 604450
1100 604450
1100 604450
1100 604450
1100 604450
1100 604450
1100 604450
1100 604450
1100 604450
1100 604450
1200 719400
1200 719400
1200 719400
1200 719400
1200 719400
1200 719400
1200 719400
1200 719400
1200 719400
1200 719400
1200 719400
1200 719400
1200 719400
1200 719400
1200 719400
1300 844350
1300 844350
1300 844350
1300 844350
1300 844350
1300 844350
1300 844350
1300 844350
1300 844350
1300 844350
1300 844350
1300 844350
1300 844350
1300 844350
1300 844350
1400 979300
1400 979300
1400 979300
1400 979300
1400 979300
1400 979300
1400 979300
1400 979300
1400 979300
1400 979300
1400 979300
1400 979300
1400 979300
1400 979300
1400 979300
1500 1124250
1500 1124250
1500 1124250
1500 1124250
1500 1124250
1500 1124250
1500 1124250
1500 1124250
1500 1124250
1500 1124250
1500 1124250
1500 1124250
1500 1124250
1500 1124250
1500 1124250
1600 1279200
1600 1279200
1600 1279200
1600 1279200
1600 1279200
1600 1279200
1600 1279200
1600 1279200
1600 1279200
1600 1279200
1600 1279200
1600 1279200
1600 1279200
1600 1279200
1600 1279200
1700 1444150
1700 1444150
1700 1444150
1700 1444150
1700 1444150
1700 1444150
1700 1444150
1700 1444150
1700 1444150
1700 1444150
1700 1444150
1700 1444150
1700 1444150
1700 1444150
1700 1444150
1800 1619100
1800 1619100
1800 1619100
1800 1619100
1800 1619100
1800 1619100
1800 1619100
1800 1619100
1800 1619100
1800 1619100
1800 1619100
1800 1619100
1800 1619100
1800 1619100
1800 1619100
1900 1804050
1900 1804050
1900 1804050
1900 1804050
1900 1804050
1900 1804050
1900 1804050
1900 1804050
1900 1804050
1900 1804050
1900 1804050
1900 1804050
1900 1804050
1900 1804050
1900 1804050
2000 1999000
2000 1999000
2000 1999000
2000 1999000
2000 1999000
2000 1999000
2000 1999000
2000 1999000
2000 1999000
2000 1999000
2000 1999000
2000 1999000
2000 1999000
2000 1999000
2000 1999000
2100 2203950
2100 2203950
2100 2203950
2100 2203950
2100 2203950
2100 2203950
2100 2203950
2100 2203950
2100 2203950
2100 2203950
2100 2203950
2100 2203950
2100 2203950
2100 2203950
2100 2203950
2200 2418900
2200 2418900
2200 2418900
2200 2418900
2200 2418900
2200 2418900
2200 2418900
2200 2418900
2200 2418900
2200 2418900
2200 2418900
2200 2418900
2200 2418900
2200 2418900
2200 2418900
2300 2643850
2300 2643850
2300 2643850
2300 2643850
2300 2643850
2300 2643850
2300 2643850
2300 2643850
2300 2643850
2300 2643850
2300 2643850
2300 2643850
2300 2643850
2300 2643850
2300 2643850
2400 2878800
2400 2878800
2400 2878800
2400 2878800
2400 2878800
2400 2878800
2400 2878800
2400 2878800
2400 2878800
2400 2878800
2400 2878800
2400 2878800
2400 2878800
2400 2878800
2400 2878800
2500 3123750
2500 3123750
2500 3123750
2500 3123750
2500 3123750
2500 3123750
2500 3123750
2500 3123750
2500 3123750
2500 3123750
2500 3123750
2500 3123750
2500 3123750
2500 3123750
2500 3123750
2600 3378700
2600 3378700
2600 3378700
2600 3378700
2600 3378700
2600 3378700
2600 3378700
2600 3378700
2600 3378700
2600 3378700
2600 3378700
2600 3378700
2600 3378700
2600 3378700
2600 3378700
2700 3643650
2700 3643650
2700 3643650
2700 3643650
2700 3643650
2700 3643650
2700 3643650
2700 3643650
2700 3643650
2700 3643650
2700 3643650
2700 3643650
2700 3643650
2700 3643650
2700 3643650
2800 3918600
2800 3918600
2800 3918600
2800 3918600
2800 3918600
2800 3918600
2800 3918600
2800 3918600
2800 3918600
2800 3918600
2800 3918600
2800 3918600
2800 3918600
2800 3918600
2800 3918600
2900 4203550
2900 4203550
2900 4203550
2900 4203550
2900 4203550
2900 4203550
2900 4203550
2900 4203550
2900 4203550
2900 4203550
2900 4203550
2900 4203550
2900 4203550
2900 4203550
2900 4203550
3000 4498500
3000 4498500
3000 4498500
3000 4498500
3000 4498500
3000 4498500
3000 4498500
3000 4498500
3000 4498500
3000 4498500
3000 4498500
3000 4498500
3000 4498500
3000 4498500
3000 4498500
10 45
10 45
10 45
10 45
10 45
10 45
10 45
10 45
10 45
10 45
10 45
10 45
10 45
10 45
10 45
15 105
15 105
15 105
15 105
15 105
15 105
15 105
15 105
15 105
15 105
15 105
15 105
15 105
15 105
15 105
22 231
22 231
22 231
22 231
22 231
22 231
22 231
22 231
22 231
22 231
22 231
22 231
22 231
22 231
22 231
33 528
33 528
33 528
33 528
33 528
33 528
33 528
33 528
33 528
33 528
33 528
33 528
33 528
33 528
33 528
49 1176
49 1176
49 1176
49 1176
49 1176
49 1176
49 1176
49 1176
49 1176
49 1176
49 1176
49 1176
49 1176
49 1176
49 1176
73 2628
73 2628
73 2628
73 2628
73 2628
73 2628
73 2628
73 2628
73 2628
73 2628
73 2628
73 2628
73 2628
73 2628
73 2628
109 5886
109 5886
109 5886
109 5886
109 5886
109 5886
109 5886
109 5886
109 5886
109 5886
109 5886
109 5886
109 5886
109 5886
109 5886
163 13203
163 13203
163 13203
163 13203
163 13203
163 13203
163 13203
163 13203
163 13203
163 13203
163 13203
163 13203
163 13203
163 13203
163 13203
244 29646
244 29646
244 29646
244 29646
244 29646
244 29646
244 29646
244 29646
244 29646
244 29646
244 29646
244 29646
244 29646
244 29646
244 29646
366 66795
366 66795
366 66795
366 66795
366 66795
366 66795
366 66795
366 66795
366 66795
366 66795
366 66795
366 66795
366 66795
366 66795
366 66795
549 150426
549 150426
549 150426
549 150426
549 150426
549 150426
549 150426
549 150426
549 150426
549 150426
549 150426
549 150426
549 150426
549 150426
549 150426
823 338253
823 338253
823 338253
823 338253
823 338253
823 338253
823 338253
823 338253
823 338253
823 338253
823 338253
823 338253
823 338253
823 338253
823 338253
1234 760761
1234 760761
1234 760761
1234 760761
1234 760761
1234 760761
1234 760761
1234 760761
1234 760761
1234 760761
1234 760761
1234 760761
1234 760761
1234 760761
1234 760761
1851 1712175
1851 1712175
1851 1712175
1851 1712175
1851 1712175
1851 1712175
1851 1712175
1851 1712175
1851 1712175
1851 1712175
1851 1712175
1851 1712175
1851 1712175
1851 1712175
1851 1712175
2776 3851700
2776 3851700
2776 3851700
2776 3851700
2776 3851700
2776 3851700
2776 3851700
2776 3851700
2776 3851700
2776 3851700
2776 3851700
2776 3851700
2776 3851700
2776 3851700
2776 3851700
